140790.50700088136
85395.59903150219
67244.51053549616
51195.718763784396
43132.316949026346
37677.2263302985
34516.67651677922
31753.840387986238
29309.40665670491
27306.06305029238
25434.560462852827
23827.639700192572
22360.390602501204
21165.161001123415
20264.452924929974
19452.16082641625
18676.042145487678
17976.11907208455
17381.503888232655
16847.59437688524
16335.648014456874
15870.354706053395
15319.679777381558
14985.925342015777
14621.214127297779
14154.768500624325
13806.594717445265
13522.708811497803
13177.024801831394
12904.565446394148
12660.069834644757
12357.733062317382
12090.67003732195
11877.22798173248
11657.706886667775
11465.90064589886
11271.600588785019
11078.865145298303
10930.812711409217
10770.568812460633
10577.996949179036
10429.34646643037
